1,2
2,3
3,4
7,8
9,10
11,12
14,13
14,12
16,17
25,26
32,33
34,35
36,37
41,37
42,43
44,45
46,47
49,48
50,51
53,52
54,55
56,57
59,58
60,61
63,62
64,65
66,67
69,68
70,71
73,72
74,75
76,77
79,78
80,75
82,81
84,85
85,17
86,8
87,15
88,8
96,97
96,98
103,104
105,106
107,108
107,109
113,108
114,115
116,117
118,119
121,120
122,123
125,124
126,127
128,129
131,130
132,133
135,134
136,137
138,139
141,140
142,143
145,144
146,147
148,149
151,150
152,147
154,153
157,158
158,8
159,160
0,1
4,5
5,6
6,7
7,9
9,11
11,13
13,14
12,15
15,16
16,18
18,19
19,20
20,21
21,22
22,23
23,24
24,25
25,27
27,28
28,29
29,30
30,31
31,26
26,32
32,33
33,34
34,35
35,36
36,38
38,39
39,40
40,41
37,42
42,43
43,44
44,46
46,48
48,49
49,47
47,50
50,52
52,53
53,51
51,45
45,54
54,56
56,58
58,59
59,57
57,60
60,62
62,63
63,61
61,55
55,64
64,66
66,68
68,69
69,67
67,70
70,72
72,73
73,71
71,65
65,74
74,76
76,78
78,79
79,77
77,80
80,81
81,82
82,75
75,83
83,84
17,86
86,87
10,89
89,90
90,91
91,92
92,93
93,94
94,95
95,96
98,99
99,100
100,101
101,102
102,97
97,103
103,104
104,105
105,106
106,107
109,110
110,111
111,112
112,113
108,114
114,115
115,116
116,118
118,120
120,121
121,119
119,122
122,124
124,125
125,123
123,117
117,126
126,128
128,130
130,131
131,129
129,132
132,134
134,135
135,133
133,127
127,136
136,138
138,140
140,141
141,139
139,142
142,144
144,145
145,143
143,137
137,146
146,148
148,150
150,151
151,149
149,152
152,153
153,154
154,147
147,155
155,156
156,157
8,159
